[gd_scene load_steps=4 format=3 uid="uid://dj1wipkikmjsf"]

[ext_resource type="PackedScene" uid="uid://sdy7t6e4ujri" path="res://src/levels/level4/structures/gothic_cathedral_model.tscn" id="1_sgp2h"]

[sub_resource type="BoxShape3D" id="BoxShape3D_sgp2h"]
size = Vector3(0.070129395, 1, 1)

[sub_resource type="BoxShape3D" id="BoxShape3D_6u2x3"]
size = Vector3(0.05718994, 1, 0.30078125)

[node name="GothicCatedral" type="StaticBody3D"]

[node name="gothicCathedral" parent="." instance=ExtResource("1_sgp2h")]

[node name="CollisionShape3D" type="CollisionShape3D" parent="."]
transform = Transform3D(0.9882977, 0.15253739, 0, -0.15253739, 0.9882977, 0, 0, 0, 1, -0.23702222, 0, 0)
shape = SubResource("BoxShape3D_sgp2h")

[node name="CollisionShape3D2" type="CollisionShape3D" parent="."]
transform = Transform3D(-0.06134993, -0.009468966, 0.99807143, -0.1525374, 0.9882978, 1.8566557e-09, -0.9863916, -0.15224323, -0.062076367, -0.23702222, 0, 0.34854716)
shape = SubResource("BoxShape3D_sgp2h")

[node name="CollisionShape3D3" type="CollisionShape3D" parent="."]
transform = Transform3D(-0.061349932, -0.009468964, 0.99807143, -0.13793297, -0.9902803, -0.017873581, 0.98853964, -0.13876355, 0.059447546, -0.23702222, 0, -0.36574218)
shape = SubResource("BoxShape3D_sgp2h")

[node name="CollisionShape3D4" type="CollisionShape3D" parent="."]
transform = Transform3D(1, 0, 0, 0, 1, 0, 0, 0, 1, 0.27651978, 0, 0.23242188)
shape = SubResource("BoxShape3D_6u2x3")

[node name="CollisionShape3D5" type="CollisionShape3D" parent="."]
transform = Transform3D(1, 0, 0, 0, 1, 0, 0, 0, 1, 0.27651978, 0, -0.25833112)
shape = SubResource("BoxShape3D_6u2x3")

[node name="CollisionShape3D6" type="CollisionShape3D" parent="."]
transform = Transform3D(1, 0, 0, 0, 1, 0, 0, 0, 1, 0.27651978, 0.25420707, -0.021278098)
shape = SubResource("BoxShape3D_6u2x3")

[node name="CollisionShape3D7" type="CollisionShape3D" parent="."]
transform = Transform3D(1, 0, 0, 0, 1, 0, 0, 0, 0.8504912, 0.27651978, 0.25420707, -0.021278098)
shape = SubResource("BoxShape3D_6u2x3")
